11111111111111111111111111111111
11111111111111111111111111111111
11111111111111111111111111111111
11111111111111111111111111111111
11277772111111111111111267766211
11777667211111111111111677666611
12776556211111111111112776555621
27765445611111111111116765444561
27765445611111111111117765444561
27776556711111111111117776555671
27777667721111222222117777666771
27777777622222333222217777777761
12777777222223333333222777777621
11777776222233333333222677777611
11267762222233333333222267766211
11122222222222333333222222222111
11111111122222222222222222111111
11111111112222222222112222111111
11111111111111111111111111111111
11111111111111111111111111211111
11111221111111111111111118211111
11111222111111111111111128211111
11111889821111111111111899222211
11112289882222222222222889222111
11112221128888999999882222222111
11112221112228888888822112222111
11111111111111112221111111111111
11111111111111122221111111111111
11111111111111333332111111111111
11111111111112222222111111111111
11111111111111111111111111111111
11111111111111111111111111111111
